u10 2.0277777777777777 0.5277777777777778 0.3597222222222222 38
u11 1.08 0.32 0.16866666666666666 52
u12 0.9764705882352941 0.27058823529411763 0.14392156862745098 87
u13 1.9375 0.5208333333333334 0.3 50
u14 1.0443037974683544 0.3670886075949367 0.1717299578059071 160
u15 1.125 0.26785714285714285 0.18809523809523807 114
u16 1.3636363636363635 0.45454545454545453 0.16666666666666666 13
u17 0.5 0.21428571428571427 0.06190476190476191 16
u18 1.4318181818181819 0.3409090909090909 0.25189393939393945 46
u19 1.1325301204819278 0.3855421686746988 0.16746987951807224 85
u1 1.5142857142857142 0.45714285714285713 0.21190476190476185 37
u20 1.875 0.5 0.2708333333333333 10
u21 2.0338983050847457 0.4915254237288136 0.36779661016949156 120
u22 1.1951219512195121 0.2926829268292683 0.17682926829268292 84
u23 0.4457831325301205 0.1566265060240964 0.06546184738955824 85
u24 0.5238095238095238 0.11904761904761904 0.09126984126984126 44
u25 1.329268292682927 0.4268292682926829 0.18211382113821142 84
u26 2.204081632653061 0.5306122448979592 0.3673469387755103 51
u27 1.0 0.3333333333333333 0.19012345679012346 29
u2 2.4864864864864864 0.5135135135135135 0.47297297297297297 39
u3 1.6391752577319587 0.5257731958762887 0.3 99
u4 2.0495049504950495 0.5544554455445545 0.32343234323432346 103
u5 0.9761904761904762 0.2261904761904762 0.16964285714285715 86
u6 0.95 0.35 0.10833333333333332 22
u7 0.8636363636363636 0.22727272727272727 0.1212121212121212 24
u8 1.8571428571428572 0.4523809523809524 0.288095238095238 86
u9 0.8870967741935484 0.3064516129032258 0.1508064516129032 64
urls -0.0 -0.0 -0.0 -1
