u1 0.875 23
u2 1.1875 15
u3 1.975 39
u4 0.8095238095238095 41
u5 1.1142857142857143 34
u6 0.6666666666666666 8
u7 0.5 9
u8 1.457142857142857 34
u9 0.6538461538461539 25
u10 0.875 15
u11 0.6666666666666666 20
u13 1.05 19
u14 1.03125 63
u15 0.782608695652174 45
u17 0.14285714285714285 6
u18 1.0 18
u19 1.1764705882352942 33
u20 0.5 3
u21 1.2040816326530612 48
u22 1.1764705882352942 33
u23 0.5 33
u24 0.3888888888888889 17
u25 0.7058823529411765 33
u26 0.6666666666666666 20

u1 0.6666666666666666 23
u2 1.1875 15
u3 1.875 39
u4 1.0238095238095237 41
u5 1.1428571428571428 34
u6 0.6666666666666666 8
u7 0.5 9
u8 1.457142857142857 34
u9 0.46153846153846156 25
u10 0.875 15
u11 0.6666666666666666 20
u13 1.05 19
u14 1.03125 63
u15 0.782608695652174 45
u17 0.14285714285714285 6
u18 1.263157894736842 18
u19 1.1470588235294117 33
u20 0.5 3
u21 1.2040816326530612 48
u22 1.1764705882352942 33
u23 0.5 33
u24 0.3888888888888889 17
u25 0.7058823529411765 33
u26 0.7142857142857143 20
u27 0.6666666666666666 11

u1 1.4285714285714286 0.6190476190476191 0.23730158730158735 23
u2 1.8461538461538463 0.6153846153846154 0.3487179487179487 15
u3 2.7027027027027026 0.8378378378378378 0.41486486486486496 39
u4 1.8205128205128205 0.6923076923076923 0.3064102564102564 41
u5 2.125 0.625 0.3557291666666667 34
u6 0.5 0.3333333333333333 0.075 8
u7 0.5714285714285714 0.42857142857142855 0.09285714285714286 9
u8 3.28125 0.875 0.6020833333333333 34
u9 0.8260869565217391 0.391304347826087 0.127536231884058 25
u10 0.38461538461538464 0.23076923076923078 0.05384615384615384 15
u11 1.6666666666666667 0.5 0.3138888888888889 20
u12 2.0625 0.65625 0.29999999999999993 34
u13 2.411764705882353 0.7058823529411765 0.361764705882353 19
u14 1.721311475409836 0.6557377049180327 0.23032786885245907 63
u15 2.0697674418604652 0.6046511627906976 0.32325581395348835 45
u16 1.6666666666666667 0.6666666666666666 0.19444444444444442 5
u17 1.0 0.25 0.125 6
u18 2.25 0.8125 0.3145833333333333 18
u19 2.096774193548387 0.6774193548387096 0.35645161290322586 33
u20 0.0 0.0 0.0 3
u21 1.7173913043478262 0.5652173913043478 0.25942028985507254 48
u22 1.7096774193548387 0.5806451612903226 0.3129032258064516 33
u23 1.096774193548387 0.4838709677419355 0.15967741935483873 33
u24 0.6 0.3333333333333333 0.08 17
u25 0.9354838709677419 0.3870967741935484 0.12956989247311831 33
u26 1.0 0.4444444444444444 0.15000000000000002 20
u27 0.7777777777777778 0.5555555555555556 0.12222222222222223 11
